6.5e+05 2.7e+06 3.1874
6.5066e+05 2.7003e+06 3.2496
6.5131e+05 2.7006e+06 5.2325
6.5197e+05 2.7009e+06 3.1313
6.5262e+05 2.7012e+06 3.9824
6.5328e+05 2.7015e+06 4.7762
6.5393e+05 2.7018e+06 4.5706
6.5459e+05 2.7021e+06 3.379
6.5524e+05 2.7024e+06 2.2443
6.559e+05 2.7027e+06 2.1587
6.5656e+05 2.703e+06 4.1246
6.5721e+05 2.7033e+06 2.1169
6.5787e+05 2.7036e+06 2.104
6.5852e+05 2.7039e+06 3.0281
6.5918e+05 2.7042e+06 1.8644
6.5983e+05 2.7045e+06 3.6217
6.6049e+05 2.7048e+06 2.3139
6.6114e+05 2.7052e+06 1.0292
6.618e+05 2.7055e+06 0.7988
6.6246e+05 2.7058e+06 0.67328
6.6311e+05 2.7061e+06 1.6725
6.6377e+05 2.7064e+06 2.7976
6.6442e+05 2.7067e+06 1.0435
6.6508e+05 2.707e+06 1.3683
6.6573e+05 2.7073e+06 1.7684
6.6639e+05 2.7076e+06 2.2553
6.6704e+05 2.7079e+06 2.7693
6.677e+05 2.7082e+06 4.2471
6.6836e+05 2.7085e+06 4.7354
6.6901e+05 2.7088e+06 6.1111
6.6967e+05 2.7091e+06 4.3802
6.7032e+05 2.7094e+06 6.5734
6.7098e+05 2.7097e+06 6.7558
6.7163e+05 2.71e+06 6.971
6.7229e+05 2.7103e+06 7.2646
6.7294e+05 2.7106e+06 5.6412
6.736e+05 2.7109e+06 6.0031
6.7426e+05 2.7112e+06 8.2864
6.7491e+05 2.7115e+06 6.4182
6.7557e+05 2.7118e+06 8.3587
6.7622e+05 2.7121e+06 7.1236
6.7688e+05 2.7124e+06 6.8193
6.7753e+05 2.7127e+06 5.5642
6.7819e+05 2.713e+06 5.4092
6.7884e+05 2.7133e+06 7.3868
6.795e+05 2.7136e+06 6.4638
6.8016e+05 2.7139e+06 6.5757
6.8081e+05 2.7142e+06 6.6355
6.8147e+05 2.7145e+06 5.605
6.8212e+05 2.7148e+06 5.4597
6.8278e+05 2.7152e+06 7.2137
6.8343e+05 2.7155e+06 4.9261
6.8409e+05 2.7158e+06 5.5886
6.8474e+05 2.7161e+06 6.2603
6.854e+05 2.7164e+06 5.9838
6.8606e+05 2.7167e+06 4.7532
6.8671e+05 2.717e+06 3.5823
6.8737e+05 2.7173e+06 4.4979
6.8802e+05 2.7176e+06 4.4284
6.8868e+05 2.7179e+06 5.3624
6.8933e+05 2.7182e+06 3.2461
6.8999e+05 2.7185e+06 5.0371
6.9064e+05 2.7188e+06 3.7799
6.913e+05 2.7191e+06 2.5049
6.9196e+05 2.7194e+06 2.2684
6.9261e+05 2.7197e+06 2.1374
6.9327e+05 2.72e+06 3.1118
6.9392e+05 2.7203e+06 4.1725
6.9458e+05 2.7206e+06 4.2623
6.9523e+05 2.7209e+06 4.3159
6.9589e+05 2.7212e+06 2.3012
6.9654e+05 2.7215e+06 4.2136
6.972e+05 2.7218e+06 2.101
6.9786e+05 2.7221e+06 4.0096
6.9851e+05 2.7224e+06 2.0059
6.9917e+05 2.7227e+06 3.1343
6.9982e+05 2.723e+06 4.3691
7.0048e+05 2.7233e+06 4.6791
7.0113e+05 2.7236e+06 3.9948
7.0179e+05 2.7239e+06 4.2283
7.0244e+05 2.7242e+06 4.3337
7.031e+05 2.7245e+06 3.3105
7.0376e+05 2.7248e+06 4.2102
7.0441e+05 2.7252e+06 4.1203
7.0507e+05 2.7255e+06 3.1286
7.0572e+05 2.7258e+06 5.3129
7.0638e+05 2.7261e+06 3.6484
7.0703e+05 2.7264e+06 4.0395
7.0769e+05 2.7267e+06 5.3762
7.0834e+05 2.727e+06 5.5933
7.09e+05 2.7273e+06 6.6197
7.0966e+05 2.7276e+06 6.5113
7.1031e+05 2.7279e+06 5.3407
7.1097e+05 2.7282e+06 4.1779
7.1162e+05 2.7285e+06 4.1347
7.1228e+05 2.7288e+06 6.2171
7.1293e+05 2.7291e+06 5.3979
7.1359e+05 2.7294e+06 5.5831
7.1424e+05 2.7297e+06 6.7383
7.149e+05 2.73e+06 5.8121
