6.5e+05 2.7e+06 39.985
6.5066e+05 2.7003e+06 33.998
6.5131e+05 2.7006e+06 39.995
6.5197e+05 2.7009e+06 38.969
6.5262e+05 2.7012e+06 43.932
6.5328e+05 2.7015e+06 39.888
6.5393e+05 2.7018e+06 44.844
6.5459e+05 2.7021e+06 40.823
6.5524e+05 2.7024e+06 41.848
6.559e+05 2.7027e+06 41.947
6.5656e+05 2.703e+06 47.14
6.5721e+05 2.7033e+06 52.456
6.5787e+05 2.7036e+06 51.929
6.5852e+05 2.7039e+06 45.566
6.5918e+05 2.7042e+06 56.384
6.5983e+05 2.7045e+06 50.414
6.6049e+05 2.7048e+06 56.654
6.6114e+05 2.7052e+06 54.071
6.618e+05 2.7055e+06 66.693
6.6246e+05 2.7058e+06 65.496
6.6311e+05 2.7061e+06 71.48
6.6377e+05 2.7064e+06 65.674
6.6442e+05 2.7067e+06 79.022
6.6508e+05 2.707e+06 74.377
6.6573e+05 2.7073e+06 77.954
6.6639e+05 2.7076e+06 80.595
6.6704e+05 2.7079e+06 93.315
6.677e+05 2.7082e+06 93.063
6.6836e+05 2.7085e+06 98.793
6.6901e+05 2.7088e+06 96.554
6.6967e+05 2.7091e+06 104.31
6.7032e+05 2.7094e+06 102.08
6.7098e+05 2.7097e+06 113.8
6.7163e+05 2.71e+06 117.41
6.7229e+05 2.7103e+06 121.98
6.7294e+05 2.7106e+06 125.48
6.736e+05 2.7109e+06 120.81
6.7426e+05 2.7112e+06 126.97
6.7491e+05 2.7115e+06 129.99
6.7557e+05 2.7118e+06 137.92
6.7622e+05 2.7121e+06 132.76
6.7688e+05 2.7124e+06 138.36
6.7753e+05 2.7127e+06 143.56
6.7819e+05 2.713e+06 143.49
6.7884e+05 2.7133e+06 146.22
6.795e+05 2.7136e+06 151.54
6.8016e+05 2.7139e+06 150.4
6.8081e+05 2.7142e+06 151.89
6.8147e+05 2.7145e+06 150.92
6.8212e+05 2.7148e+06 150.45
6.8278e+05 2.7152e+06 147.43
6.8343e+05 2.7155e+06 149.82
6.8409e+05 2.7158e+06 138.79
6.8474e+05 2.7161e+06 135.11
6.854e+05 2.7164e+06 136.82
6.8606e+05 2.7167e+06 133.08
6.8671e+05 2.717e+06 130.86
6.8737e+05 2.7173e+06 120.26
6.8802e+05 2.7176e+06 120.27
6.8868e+05 2.7179e+06 117.96
6.8933e+05 2.7182e+06 105.4
6.8999e+05 2.7185e+06 103.64
6.9064e+05 2.7188e+06 99.737
6.913e+05 2.7191e+06 91.79
6.9196e+05 2.7194e+06 88.801
6.9261e+05 2.7197e+06 82.873
6.9327e+05 2.72e+06 68.267
6.9392e+05 2.7203e+06 62.853
6.9458e+05 2.7206e+06 61.629
6.9523e+05 2.7209e+06 62.643
6.9589e+05 2.7212e+06 55.951
6.9654e+05 2.7215e+06 50.56
6.972e+05 2.7218e+06 40.481
6.9786e+05 2.7221e+06 45.697
6.9851e+05 2.7224e+06 42.157
6.9917e+05 2.7227e+06 37.862
6.9982e+05 2.723e+06 28.862
7.0048e+05 2.7233e+06 25.176
7.0113e+05 2.7236e+06 23.801
7.0179e+05 2.7239e+06 24.683
7.0244e+05 2.7242e+06 20.794
7.031e+05 2.7245e+06 22.132
7.0376e+05 2.7248e+06 15.574
7.0441e+05 2.7252e+06 20.241
7.0507e+05 2.7255e+06 14.202
7.0572e+05 2.7258e+06 18.242
7.0638e+05 2.7261e+06 15.328
7.0703e+05 2.7264e+06 12.55
7.0769e+05 2.7267e+06 9.9473
7.0834e+05 2.727e+06 17.587
7.09e+05 2.7273e+06 7.4003
7.0966e+05 2.7276e+06 9.3336
7.1031e+05 2.7279e+06 12.347
7.1097e+05 2.7282e+06 13.414
7.1162e+05 2.7285e+06 13.516
7.1228e+05 2.7288e+06 14.691
7.1293e+05 2.7291e+06 12.978
7.1359e+05 2.7294e+06 13.334
7.1424e+05 2.7297e+06 10.832
7.149e+05 2.73e+06 11.281
